=== SOP1 ===
SOP1_Mean_Genuine: 0.0009534855489619076
SOP1_Mean_Forged: 0.0009866300970315933
SOP1_Std_Genuine: 0.00046571801067329943
SOP1_Std_Forged: 0.0004606202128343284
SOP1_Threshold: 0.0
SOP1_EER: 0.5185786024363928
SOP1_AUC_ROC: 0.5263354584153154
SOP1_FAR: 0.0
SOP1_FRR: 0.9999937353260692
Accuracy: 0.4939629017209019
F1 Score: 1.2529269369894501e-05
ROC AUC: 0.5263354584153154
Recall: 6.2646739308408475e-06
Precision: 1.0
True Positives: 22
True Negatives: 3427920
False Positives: 0
False Negatives: 3511733

=== SOP2 ===
SOP2_Silhouette: 0.029461631551384926
SOP2_IntraClass_Var: 4.518415863685732e-09

=== SOP3 ===
SOP3_Mean_Shift: 0.0002576475962996483
SOP3_Max_Shift: 0.0007028243853710592
SOP3_Clean_Accuracy: 0.4444444444444444
SOP3_Noisy_Accuracy: 0.4444444444444444
SOP3_Accuracy_Drop: 0.0
SOP3_Threshold_Used: 0.0
