=== SOP1 ===
SOP1_Mean_Genuine: 0.0006224305252544582
SOP1_Mean_Forged: 0.0006490093655884266
SOP1_Std_Genuine: 0.0004625059082172811
SOP1_Std_Forged: 0.0004566229472402483
SOP1_Threshold: 4.6309720346471295e-05
SOP1_EER: 0.5258433921389007
SOP1_AUC_ROC: 0.5357638855455064
SOP1_FAR: 0.0
SOP1_FRR: 0.9999922624574435
Accuracy: 0.5006992736825838
F1 Score: 1.5474965374764975e-05
ROC AUC: 0.5357638855455064
Recall: 7.737542556484061e-06
Precision: 1.0
True Positives: 1
True Negatives: 129600
False Positives: 0
False Negatives: 129239

=== SOP2 ===
SOP2_Silhouette: 0.043572843074798584
SOP2_IntraClass_Var: 2.3424271411442987e-09

=== SOP3 ===
SOP3_Mean_Shift: 5.960187627351843e-05
SOP3_Max_Shift: 0.00036632982664741576
SOP3_Clean_Accuracy: 0.5
SOP3_Noisy_Accuracy: 0.5
SOP3_Accuracy_Drop: 0.0
SOP3_Threshold_Used: 4.6309720346471295e-05
