=== SOP1 ===
SOP1_Mean_Genuine: 0.0008524327422492206
SOP1_Mean_Forged: 0.0008623271132819355
SOP1_Std_Genuine: 0.000473434483865276
SOP1_Std_Forged: 0.000471419480163604
SOP1_Threshold: 0.0007799999802955426
SOP1_EER: 0.5053068190839324
SOP1_AUC_ROC: 0.5076106753395612
SOP1_FAR: 0.5251909297052154
SOP1_FRR: 0.4640420608453005
Accuracy: 0.5053762233638395
F1 Score: 0.5199943520240763
ROC AUC: 0.5076106753395612
Recall: 0.5359579391546995
Precision: 0.5049542154274164
True Positives: 2362449
True Negatives: 2093908
False Positives: 2316092
False Negatives: 2045451

=== SOP2 ===
SOP2_Silhouette: 0.00977704580873251
SOP2_IntraClass_Var: 3.7122238616404957e-09

=== SOP3 ===
SOP3_Mean_Shift: 0.00014027411816641688
SOP3_Max_Shift: 0.0005772797740064561
SOP3_Clean_Accuracy: 0.5211904761904762
SOP3_Noisy_Accuracy: 0.5240476190476191
SOP3_Accuracy_Drop: -0.0028571428571428914
SOP3_Threshold_Used: 0.0007799999802955426
